image_id,healthy,multiple_diseases,rust,scab
Test_0,0.0001596118490784135,0.00046713530567662434,0.9993579514323939,1.530141285098914e-05
Test_1,4.040920432516471e-05,0.00015836545535949237,0.9997975784427252,3.646897590032486e-06
Test_2,5.420290343629938e-07,1.6876618041121754e-06,5.901799602831957e-10,0.9999977697189816
Test_3,0.9999990619715491,3.0164505952044926e-08,3.266445614821529e-08,8.75199488645464e-07
Test_4,4.184039116130281e-07,2.579609097124973e-05,0.999973688077979,9.742713822557074e-08
Test_5,0.999557400004089,5.311005321443273e-05,4.8164199663662714e-05,0.0003413257430330255
Test_6,0.9999910255623503,2.5917707365020894e-06,2.329950093403028e-06,4.0527168199460345e-06
Test_7,1.655325950676246e-06,0.0007567610292360087,1.8458787792405155e-07,0.9992413990569353
Test_8,0.0009435130918616513,0.6483210579481271,0.001257890861982024,0.3494775380980293
Test_9,3.188396991245175e-06,0.00032312525783136185,0.9996730726873919,6.136577856781923e-07
Test_10,6.329483544040317e-05,0.00014047739807337699,0.9997921540858333,4.073680652958961e-06
Test_11,0.9999681367721354,2.141943153453102e-06,1.6722324651021708e-07,2.9554061464971773e-05
Test_12,0.025324912406657577,0.053895928356565884,3.636216270075801e-05,0.9207427970740758
Test_13,0.9992121698033749,0.0007809511561174828,4.885538838161044e-07,6.390486623592077e-06
Test_14,0.00011684633453621816,0.0009042381798437195,0.9989730501849894,5.865300630595395e-06
Test_15,5.622373419996185e-05,0.00014971975142383581,0.9997906575963006,3.398918075760885e-06
Test_16,0.9997181121795908,8.481466951627718e-06,7.483517558422349e-07,0.00027265800170123605
Test_17,0.00010487523862508439,0.04539724464564192,0.000770399518711807,0.9537274805970213
Test_18,0.040709368327281566,0.002609196653511715,0.0001283989428376658,0.956553036076369
Test_19,7.110665727998649e-08,2.4153644906192623e-06,0.9999974994002487,1.4128603615757488e-08
Test_20,1.7575419131893816e-07,3.7902410583116897e-06,1.2517315874244053e-10,0.9999960338795773
Test_21,0.9999799807469041,7.433728489772612e-07,1.7219376525709709e-07,1.9103686481138028e-05
Test_22,5.006206736197771e-05,0.0039207559229121535,0.9960253562455252,3.8257642006426604e-06
Test_23,2.3108707014094075e-06,4.0656175507455444e-05,4.3403166921666544e-08,0.9999569895506244
Test_24,0.9998962297533064,3.393493838095295e-05,6.382294264059241e-07,6.919707888607544e-05
Test_25,3.2031158001891675e-06,9.14977972068162e-06,6.694148949269706e-09,0.9999876404103304
Test_26,0.05586459138277865,0.013528449572386114,0.0008851803103448417,0.9297217787344904
Test_27,3.615272132778547e-05,0.0004360810854047052,0.9995204231132782,7.343079989334867e-06
Test_28,0.9999966799450489,1.9573049275115483e-06,1.3163182640512376e-07,1.2311181971295776e-06
Test_29,0.002132074622663422,0.780273111859617,0.21482197401675326,0.0027728395009664042
Test_30,0.9995640922327347,7.94198659572477e-06,2.004948508880428e-06,0.00042596083216104853
Test_31,4.7514130677968486e-05,0.07605912464704048,0.9237874249047491,0.00010593631753243929
Test_32,0.0013955685063309876,0.0033615746314775903,0.00018020061673601075,0.9950626562454552
Test_33,1.7370905459077052e-06,3.248517946080662e-05,2.0708209086827173e-08,0.9999657570217844
Test_34,9.988311843205765e-05,3.5327073090588814e-05,1.2727164597705765e-07,0.9998646625368314
Test_35,7.289232692878816e-07,4.26625471047764e-06,4.2064762846402655e-10,0.9999950044013728
Test_36,1.630439067348623e-05,0.00016502525629032925,0.9998158227241585,2.847628877751584e-06
Test_37,0.0004672039430889159,0.00015812727801351015,3.441178667062019e-07,0.9993743246610307
Test_38,4.963135140949298e-08,3.658280215586139e-06,2.202816823984625e-10,0.9999962918681515
Test_39,8.440544165770123e-07,4.0746568692716814e-07,0.9999986374557586,1.1102413775260453e-07
Test_40,4.88686958237307e-06,7.774947574359329e-05,0.9999168196369367,5.440177373916044e-07
Test_41,0.00017326494450538052,0.003509259021988806,0.9962452969949476,7.217903855822644e-05
Test_42,2.798274218145826e-06,0.00022208690161743918,5.875812623936157e-09,0.999775108948352
Test_43,0.00011620210554168983,9.464986098968312e-05,0.9997853702146429,3.7778188256159967e-06
Test_44,0.0014065191228895887,0.9952141146317588,0.00016931713703404833,0.0032100491083174973
Test_45,2.4252378671045845e-05,0.0014358976011243142,3.979040828565669e-07,0.9985394521161219
Test_46,0.028974991362917656,0.07989762455295249,5.849040675272414e-05,0.8910688936773772
Test_47,1.3471783611991025e-06,1.414599673467237e-05,0.9999842263601713,2.804647328115503e-07
Test_48,3.0462596599586283e-05,0.001145728863729399,0.9988147760783124,9.03246135862062e-06
Test_49,1.567803574831013e-06,6.751475412975326e-06,0.9999915811767174,9.954429514308323e-08
Test_50,0.00012528232993157652,0.23211957537584826,0.7675665597082738,0.00018858258594624483
Test_51,5.9603735510635715e-06,0.0010715474839051214,0.998920448171764,2.0439707797557755e-06
Test_52,4.247882021421007e-06,0.001014100770753843,0.9989812590859383,3.922612864743363e-07
Test_53,2.601573896146874e-07,3.594484404499099e-06,0.9999961130729589,3.228524718673061e-08
Test_54,0.005406343763399951,0.8750646293825913,0.00392793447668131,0.11560109237732732
Test_55,5.346504925999336e-07,7.017729128840302e-06,8.018199531586106e-10,0.9999924468185589
Test_56,1.2818822508290865e-05,0.00026484426385957473,1.0206663456031706e-07,0.9997222348469976
Test_57,0.9766035269991704,0.020645271152349095,0.00244515627499048,0.0003060455734901076
Test_58,3.16361963279658e-07,8.957360453883122e-06,2.7604263477937223e-10,0.9999907260015402
Test_59,0.0014819664230946252,0.12809365326550182,0.8685362928236975,0.001888087487706044
Test_60,2.843863341828138e-07,1.2571780193397179e-05,6.668458613921503e-10,0.9999871431666263
Test_61,0.9999319894238334,2.1288088254107222e-05,4.868190245053083e-07,4.623566888786826e-05
Test_62,7.64135101045043e-05,0.0014594956490480621,1.0160313418301148e-05,0.9984539305274291
Test_63,6.091988843072821e-07,0.00012243421207211685,7.0400599550378035e-09,0.9998769495489838
Test_64,0.4011431511152016,0.0009223062634275225,0.00026870691734822674,0.5976658357040225
Test_65,0.00017050528864476236,0.0012482310887236617,0.9985320971721598,4.916645047175628e-05
Test_66,0.9999977474576918,8.775701321673731e-08,4.199277362538025e-08,2.122792521315648e-06
Test_67,1.948292288603185e-05,1.939070421328733e-05,0.9999570563235436,4.070049357114766e-06
Test_68,8.284898475499901e-05,0.010575963238865688,4.907213954397018e-05,0.9892921156368353
Test_69,3.667620756762116e-06,1.3728202485929782e-05,0.9999821066639727,4.975127847312093e-07
Test_70,0.0005080817837161605,0.16168242845785802,0.0004768445471332128,0.8373326452112925
Test_71,0.0026194101943282843,0.00013549981855071573,0.9972170993307738,2.799065634711077e-05
Test_72,2.9291332405119453e-05,9.178220365692888e-05,2.0225910236040207e-07,0.9998787242048357
Test_73,0.9999970023972395,1.4872571257467505e-06,1.4316822160292073e-07,1.367177412940629e-06
Test_74,0.8525037199672081,0.13656932318470288,0.00017492492440340673,0.010752031923685644
Test_75,0.0020902160654223236,0.042416820243508305,0.0008938394148335307,0.9545991242762358
Test_76,0.9999861178083187,6.741663903252415e-07,2.058129954661825e-07,1.3002212295659158e-05
Test_77,4.91097248293361e-05,1.1738125754712148e-05,0.9999214440695379,1.7708079878154286e-05
Test_78,2.533813673115273e-07,5.053534529705257e-06,2.8133955395468133e-10,0.9999946928027634
Test_79,0.0006507562408900879,0.0008424462260014428,2.747882013337119e-06,0.9985040496510951
Test_80,0.0012554275616099458,0.8361217277714335,0.11160146989367668,0.051021374773280045
Test_81,0.00017104787208152504,0.321555226149445,0.6782222136365827,5.151234189070382e-05
Test_82,0.011575816335400831,0.5602689665813891,0.024089128679844148,0.4040660884033659
Test_83,0.00022379502736632128,0.5761555359825355,0.41183900192069334,0.011781667069404776
Test_84,0.00010404254311350072,4.4258962591569545e-05,6.853562151603319e-07,0.9998510131380798
Test_85,0.001050820155122274,0.016072202432288983,2.6185546800836944e-05,0.982850791865788
Test_86,7.368555817022077e-05,0.00029105371978607725,0.9996162924638311,1.8968258212641578e-05
Test_87,0.7469360342863061,0.07063831516409014,0.012494588783910606,0.16993106176569317
Test_88,0.005596867432792672,0.00326175997585329,0.00010814888595505968,0.9910332237053989
Test_89,0.13164948318160546,0.0033678043371203176,5.594172273277519e-05,0.8649267707585414
Test_90,7.622613111725633e-07,2.120344964085349e-05,0.9999779418042551,9.24847925724909e-08
Test_91,0.999885343053317,0.00010579127340144198,2.9265540562585855e-07,8.573017875846085e-06
Test_92,0.9999971400725298,1.0897872392569531e-07,5.4585893767817737e-08,2.696362852470397e-06
Test_93,1.3431052208337604e-06,9.07989966533663e-06,0.9999894355343977,1.4146071634453388e-07
Test_94,1.0848481902023558e-07,2.0250512300377055e-06,9.68116672087992e-11,0.9999978663671394
Test_95,0.999977107590484,1.563572836793276e-05,3.2651421714293964e-07,6.930166930953086e-06
Test_96,8.010749697208708e-06,8.80119265872364e-06,4.697025226629328e-09,0.9999831833606188
Test_97,0.9999882056585118,3.1857347243648726e-06,3.234701827689054e-07,8.285136580930342e-06
Test_98,0.00029955600396911326,0.1355679164897011,0.0002450785077759968,0.8638874489985539
Test_99,0.0005975943083821077,0.0017002951353888712,8.85206240866714e-06,0.9976932584938203
Test_100,2.251105497629817e-06,4.732198026994218e-06,8.607538911306039e-10,0.9999930158357213
Test_101,0.41656734810894286,0.0011653259845803236,0.00010948544936671134,0.5821578404571102
Test_102,0.00023717326726427064,0.00013296099652716203,3.586236013785124e-07,0.999629507112607
Test_103,0.00036011826481287924,0.0015461544451164958,6.436380739533734e-06,0.998087290909331
Test_104,2.21906466819082e-06,7.041687182901715e-05,1.0901777753877146e-08,0.9999273531617248
Test_105,4.376785515545656e-05,0.00013498753411402906,9.463074064386689e-08,0.99982114997999
Test_106,0.9999849618066395,2.4547978298291032e-06,6.509133133400966e-07,1.1932482217103119e-05
Test_107,0.002389376287803757,0.008226968778241181,0.9857717508295762,0.0036119041043787712
Test_108,0.0017127873684301322,0.010907445439391945,8.342896793210758e-06,0.9873714242953848
Test_109,0.25732336639149583,0.06821040823730647,0.0005490328215211706,0.6739171925496765
Test_110,0.9998104685315399,9.739226996136554e-05,1.955318728392011e-06,9.01838797702283e-05
Test_111,0.81977826662437,0.00216139170950767,0.00014793013455318145,0.17791241153156906
Test_112,0.00036265323525968304,0.0017794947534224967,0.9975083045938506,0.00034954741746707953
Test_113,0.013732834271894331,0.7494167285490347,0.02558353205473326,0.2112669051243377
Test_114,7.300178989605755e-05,0.0034499407779310567,5.5695343192804495e-06,0.9964714878978538
Test_115,1.247212431937306e-06,8.096014964465158e-06,0.9999905345551339,1.222174699829792e-07
Test_116,0.002157485531617402,0.0029009628343512166,0.9780353262962402,0.016906225337791292
Test_117,0.00011444402809357313,0.9760423058686462,0.023668527794373832,0.00017472230888639174
Test_118,3.338256363503789e-06,5.228786432754191e-06,0.9999912657139899,1.672432137161357e-07
Test_119,0.9999718613734278,1.7932021954152208e-05,2.6956707692302994e-07,9.937037541242589e-06
Test_120,1.4663644482660654e-06,0.0001131849789196663,0.9998850090500837,3.3960654824412785e-07
Test_121,0.002230028027803192,0.03230123123314553,0.9372741533347413,0.028194587404310006
Test_122,0.00017336267572250235,0.021887605355424285,0.9776032154658405,0.0003358165030126274
Test_123,2.5629540578344845e-06,3.4309517446081764e-05,0.9999628539750804,2.735534156535101e-07
Test_124,3.615826184799709e-05,5.447570462492383e-05,4.467811796587655e-08,0.9999093213554091
Test_125,0.0009296777276698877,0.07952355269731963,9.983195163854173e-05,0.9194469376233719
Test_126,0.9999983894620188,5.578524989869768e-07,5.5458792346375536e-08,9.972266898170311e-07
Test_127,0.09353107890508167,0.01949892475322587,0.0007481891319925256,0.8862218072096999
Test_128,0.0043166412518985675,0.449664861871149,0.10295100982091457,0.4430674870560378
Test_129,0.00014162719451074195,0.003496409845376499,0.9961497994124933,0.00021216354761962412
Test_130,4.830719998975584e-06,0.0004126522157737469,6.011875500823651e-07,0.9995819158766772
Test_131,1.302790496590368e-07,2.3654350606081302e-06,3.68613336579966e-11,0.9999975042490284
Test_132,0.9999994006058779,1.3524578938064951e-08,4.016655607345526e-08,5.457029868683075e-07
Test_133,4.2110824052043824e-08,8.657200488882539e-06,1.682346539624868e-10,0.9999913005204524
Test_134,0.9929370249853444,9.42904536913091e-05,2.2733296406088992e-06,0.006966411231323414
Test_135,1.2100362377849718e-05,0.00016525586716061009,0.999811941523518,1.0702246943455729e-05
Test_136,8.733763007996416e-09,2.650051958091946e-07,2.3443828612331428e-12,0.9999997262586969
Test_137,1.506796793907443e-06,0.0003752986972541134,0.9996229006153494,2.938906024968555e-07
Test_138,4.464121367259929e-05,0.0034550241014893466,0.996491491308626,8.843376212081986e-06
Test_139,0.9999951078835994,3.1831283729437134e-07,7.527806302784636e-08,4.498525500474382e-06
Test_140,0.1479798618733605,0.0013866589850580885,0.8495743259029156,0.0010591532386657178
Test_141,1.6287344224941589e-07,1.2726511969466327e-06,4.119743805426146e-10,0.9999985640633864
Test_142,3.0548296692394705e-05,6.29303634048949e-05,2.3594745136801888e-07,0.9999062853924512
Test_143,0.0003552435519300931,0.007842809535287312,9.73470131634567e-06,0.9917922122114662
Test_144,0.9999972256472947,4.029152555664452e-07,3.305189420957997e-07,2.0409185076917677e-06
Test_145,8.382204334111044e-05,0.0011230899119340255,6.605492965494387e-06,0.9987864825517595
Test_146,3.8295567305672e-09,8.829495118326618e-08,0.9999999070247709,8.507213850378125e-10
Test_147,0.00026318664668568596,0.04139171318975427,0.9579026616146868,0.00044243854887306334
Test_148,0.9606141943671168,0.00017221386679596037,9.731732244772455e-06,0.03920386003384246
Test_149,0.002434567451758931,0.0015212296138488208,0.931747191644276,0.06429701129011611
Test_150,7.65630677342572e-05,0.003014934391000202,4.186317704005828e-06,0.9969043162235616
Test_151,2.0366667866022912e-08,1.0555323081511037e-06,0.9999989203254693,3.77555461188257e-09
Test_152,0.002403401851091072,0.49793330853648454,0.4890730443045128,0.010590245307911604
Test_153,5.123635614880327e-06,1.3024213618640917e-05,9.161283847862088e-09,0.9999818429894825
Test_154,0.0017174160586353206,0.06318947013659121,0.9252263174807507,0.009866796324022774
Test_155,5.3003609444102654e-05,0.00909304257957596,0.990838128797606,1.5825013373956902e-05
Test_156,0.00027778379176817536,0.0020103866773295118,2.303628643881774e-06,0.9977095259022583
Test_157,0.15767729266066524,0.11709225927522678,0.2856724829020429,0.4395579651620651
Test_158,2.1629294045773904e-05,0.0001548657912753026,5.52542313001294e-08,0.9998234496604476
Test_159,0.00014335611598699657,0.0038889197622898352,0.9959518122342759,1.5911887447204713e-05
Test_160,0.999985991524952,6.686105762314441e-07,2.2934497259621032e-07,1.3110519498857996e-05
Test_161,0.00045828319498233077,0.0005547247478039591,1.0001222177487125e-06,0.9989859919349962
Test_162,1.1643340385817717e-07,6.582275457605174e-07,0.99999921350301,1.1836040349040737e-08
Test_163,8.189023059055559e-05,0.008957741842713356,0.9909381625885485,2.2205338147500365e-05
Test_164,0.00028805127324604206,0.0024335571998589777,7.086617205672384e-06,0.9972713049096892
Test_165,3.036383035611377e-07,4.944620513861545e-06,3.2213741897843993e-10,0.999994751419045
Test_166,8.027834538701681e-08,4.746975267008354e-07,0.9999994368804073,8.143720781732416e-09
Test_167,0.0003475347001147782,0.001426634204897949,0.9979179312545987,0.000307899840388523
Test_168,4.571768174731554e-05,0.9961755965745163,0.0028791241278344894,0.0008995616159021056
Test_169,2.389757967932244e-05,1.0452166105501404e-05,0.9999645001799669,1.150074248059488e-06
Test_170,0.0005308658913972683,0.004149338121605981,3.305925858415106e-06,0.9953164900611382
Test_171,1.1055025563502136e-05,6.722085600762756e-05,0.999920922102491,8.020159377512236e-07
Test_172,0.0008610642317476633,0.5298243290963527,0.4690293531559796,0.00028525351592012126
Test_173,2.6535944295714594e-07,8.842774030298768e-06,0.9999908592987017,3.256782515871911e-08
Test_174,5.187701276307783e-05,8.251894542903901e-05,1.2966395803314037e-07,0.9998654743778501
Test_175,0.9999983369969629,7.562276549884315e-07,1.3520946697335007e-07,7.715659152299398e-07
Test_176,7.258818893128521e-05,2.741064436654753e-05,0.9998456167374703,5.4384429231979265e-05
Test_177,2.322019472709385e-06,4.638711145394489e-06,8.750766765720156e-10,0.9999930383943054
Test_178,9.225811939561107e-10,7.767538771405109e-08,1.7439077439541836e-13,0.9999999214018567
Test_179,0.10744397997080622,0.021486920690068446,0.8114257426064511,0.05964335673267428
Test_180,2.1281500557738327e-05,0.01672987421855004,0.9832427636704236,6.0806104686266165e-06
Test_181,0.0014114412124549304,0.015149144579105975,3.1680044188968804e-05,0.9834077341642502
Test_182,0.00032157227690054416,0.00241805262023285,0.9972038819349757,5.649316789108254e-05
Test_183,0.9999117134032618,7.877204213631725e-05,1.4392469806400612e-06,8.075307621410129e-06
Test_184,0.0161337646563452,0.002893039591463569,2.7727551162124523e-05,0.9809454682010292
Test_185,1.0073204591810332e-06,2.3379405835002683e-05,1.9635726789700638e-09,0.9999756113101328
Test_186,4.9830924539474684e-06,0.00016251307539583178,5.858088618546847e-08,0.999832445251264
Test_187,5.576252164788273e-08,7.843105181595106e-07,0.9999991503263228,9.600637782763343e-09
Test_188,1.6724033841919485e-06,1.4502943404856016e-06,0.9999967654691712,1.118331040469034e-07
Test_189,0.9999902733582154,3.402168023787873e-06,2.7047200244532564e-07,6.054001757980145e-06
Test_190,0.0021409730896262,0.0014923206108776272,0.9945885947421861,0.0017781115573101192
Test_191,0.00029048150334903496,0.015108922523091092,0.9845683303518161,3.226562174373189e-05
Test_192,0.4720418654549266,0.2767896520347861,0.18600649413547554,0.06516198837481177
Test_193,2.5518945444368773e-06,2.923046593670342e-05,0.9999680029813893,2.1465812961389566e-07
Test_194,0.0001026392800159779,0.9956418115488391,0.0031861005631309753,0.0010694486080139289
Test_195,0.2637764042298992,0.7337897345288182,0.0001436846388670209,0.002290176602415627
Test_196,1.4724156492764236e-05,0.04046369860162391,6.264771872343141e-06,0.9595153124700111
Test_197,0.02036151492812876,0.5652525424216708,0.08679166392804546,0.32759427872215496
Test_198,0.00010772273490145052,0.000435791441053069,4.544360564783304e-07,0.999456031387989
Test_199,0.0012328841537891555,0.3092209923774823,0.6892798692513159,0.00026625421741255644
Test_200,0.0007341583190905661,0.0019895759416129807,0.9963201698003825,0.0009560959389140501
Test_201,6.405985360146763e-05,0.01414067671234925,4.0567919011421216e-05,0.985754695515038
Test_202,0.0022302556578276474,0.4105062333581143,0.532431190152423,0.054832320831635244
Test_203,0.0003319232803167965,0.052720099631364356,0.9468843808715347,6.359621678422435e-05
Test_204,9.753548490738176e-06,9.672910200119314e-05,8.047198104902204e-08,0.999893436877527
Test_205,0.008072388153724321,4.392051361184796e-05,4.933002592151459e-06,0.9918787583300717
Test_206,2.5888107739003674e-07,4.389183963556892e-06,3.114819811220448e-10,0.9999953516234773
Test_207,0.002724879129767135,0.0015793370153750965,0.9950818424345168,0.0006139414203410274
Test_208,1.0315706396724376e-05,6.19389108032979e-05,4.012317003878801e-08,0.9999277052596303
Test_209,0.00035998637431133233,0.5381832277103068,0.4589845927071752,0.0024721932082067237
Test_210,3.9732146725911907e-07,5.3480588121965055e-06,3.37925966845392e-10,0.9999942542817944
Test_211,0.0003402152848981972,0.9626527649866689,0.0038226270396369702,0.03318439268879603
Test_212,3.960321295343438e-08,1.7715775322591958e-07,0.9999997806002173,2.6388165296757405e-09
Test_213,0.0001303854806801553,0.03386339479372742,0.9655937154944697,0.0004125042311228245
Test_214,0.0021969769774489644,0.016084198792952177,0.9704312996592922,0.011287524570306873
Test_215,0.0006383911533792067,0.049429039419101324,1.5633213595639054e-05,0.9499169362139237
Test_216,0.9999950248831946,2.5562807427052843e-06,1.413587904177784e-07,2.2774772721562678e-06
Test_217,1.995476456557321e-06,5.643056541332136e-05,1.0351722748931133e-08,0.9999415636064074
Test_218,0.999786272854337,0.00012156995521771648,8.364727010307558e-07,9.132071774451889e-05
Test_219,5.07707997185312e-05,1.0413707877114164e-05,0.9999363876091396,2.4278832645973475e-06
Test_220,1.6837517178460544e-07,9.039307729679367e-07,1.477274707692437e-10,0.9999989275463278
Test_221,0.00013666464449544135,0.001266714355856127,1.1049717755910996e-06,0.9985955160278728
Test_222,0.0004222423508078842,0.0019101743992227963,0.9961882926052523,0.001479290644716881
Test_223,1.0024999397514568e-05,4.675523172205171e-05,0.9999416331222835,1.5866465969689422e-06
Test_224,0.022082096899455436,0.23290923909660952,0.08538005125231903,0.659628612751616
Test_225,0.9999913931442945,1.8286431724217117e-06,9.1504865188973e-08,6.686707667443372e-06
Test_226,3.212986901024208e-05,0.0016384298976544064,0.998300993317537,2.8446915798289184e-05
Test_227,5.7458413445549223e-08,2.3973942164044077e-06,5.112216996372063e-11,0.9999975450962479
Test_228,1.888300689313476e-05,4.27599314907957e-06,0.9999762496450979,5.913548599566437e-07
Test_229,2.613873064934631e-06,2.9447754652443933e-05,0.9999674845365275,4.538357548149076e-07
Test_230,0.0013134294797243404,0.1971177059984297,0.0013377176032806143,0.8002311469185653
Test_231,1.6341864443639587e-07,4.1888006053401955e-07,7.568970385986597e-11,0.9999994176256055
Test_232,0.999999341230827,1.2791547036859526e-08,1.1319731380272145e-08,6.346578943104039e-07
Test_233,0.9999992213692755,1.0812489054228031e-07,3.0386215702452805e-08,6.401196182559052e-07
Test_234,5.081147492395768e-05,0.00010613008959765781,1.761417668773944e-07,0.9998428822937118
Test_235,4.259383006670413e-07,5.411212174188034e-06,6.495037789898749e-10,0.9999941622000212
Test_236,0.0021970080806645344,0.9080534040644221,0.054078026302899075,0.0356715615520144
Test_237,0.0008205736341443547,0.3799976986950414,0.009251079209297658,0.6099306484615166
Test_238,1.27878685363395e-05,0.0017269056009904522,0.9982570406827536,3.2658477195986216e-06
Test_239,1.3718470570242112e-06,1.3758934169945964e-05,0.9999846342174592,2.350013139243661e-07
Test_240,8.993271074738557e-05,0.07622290227891429,0.9236476484157268,3.951659461152274e-05
Test_241,0.0003825545782142006,0.030451616862691707,0.9674667367528977,0.001699091806196445
Test_242,0.0022423381241960696,0.005812224500309421,6.109497699091301e-06,0.9919393278777953
Test_243,0.9999900046018403,9.56345683192884e-07,3.094912568274576e-07,8.72956121973705e-06
Test_244,3.9060948524894065e-06,0.00011417435503853256,1.4860136100906842e-07,0.9998817709487479
Test_245,0.0016312431698900726,0.10061614817980531,0.8973564068859841,0.00039620176432058794
Test_246,7.70753410242724e-06,2.6927396525731766e-05,1.7902313951135445e-08,0.9999653471670578
Test_247,6.255387445435744e-08,1.629774758817545e-06,1.918462523664025e-11,0.9999983076521822
Test_248,0.008329662128272684,0.16735375697874003,0.00342100966951605,0.8208955712234713
Test_249,1.1115089031718854e-05,0.0002779507152589468,0.9997094977602892,1.436435420081924e-06
Test_250,0.9999904730820728,6.34889903198914e-06,7.377253057610795e-07,2.4402935896873254e-06
Test_251,0.9999821805099163,1.0258213510984377e-05,5.321227484163086e-07,7.029153824156107e-06
Test_252,0.017700259094689978,0.27853390598014716,0.6264604215347552,0.07730541339040757
Test_253,1.1477583016964186e-05,0.001297896578885124,6.168044886529641e-07,0.998690009033609
Test_254,2.600950734366583e-05,0.00015325605092925598,7.290614094350055e-08,0.9998206615355861
Test_255,0.22428926143919853,0.010115563224278881,1.3460528264760574e-05,0.7655817148082579
Test_256,4.010923158424418e-06,0.00014109411285921275,6.549703100904958e-08,0.9998548294669514
Test_257,4.313350348866157e-06,0.0001371704883011466,0.9998581887002822,3.274610679096673e-07
Test_258,0.06064995985524032,0.7596214621728554,0.17821103534476723,0.0015175426271371792
Test_259,0.14933960075389768,0.23551848966675532,0.007136801323050938,0.6080051082562962
Test_260,9.536390425890226e-05,3.929798650439815e-05,4.8590920644563634e-08,0.999865289518316
Test_261,1.1449223058814265e-06,1.7297864489842566e-05,0.9999814115469692,1.4566623482690448e-07
Test_262,1.5345471030171752e-05,0.00017657566931396864,3.882753434854033e-08,0.9998080400321216
Test_263,0.9999800120888456,1.108001986596098e-06,2.1917913111442352e-07,1.8660730036472596e-05
Test_264,0.9999896766159846,3.228019178335677e-06,6.265123779805405e-07,6.468852458778286e-06
Test_265,1.3274201362382137e-05,5.554292479169078e-06,0.9999776445083068,3.5269978516524485e-06
Test_266,5.012501712558903e-07,3.2013957905831785e-06,5.375518931643191e-10,0.9999962968164862
Test_267,0.999999230762517,3.440385522940158e-08,8.367938318242098e-08,6.511542448107195e-07
Test_268,2.3925248298138986e-05,0.5056731456854038,0.49425751472944723,4.5414336850999625e-05
Test_269,0.9996123728781643,1.0877109005964351e-05,1.5398438464977082e-06,0.0003752101689830311
Test_270,1.0615978604872104e-06,3.06569848931197e-06,1.3400525429608213e-09,0.9999958713635979
Test_271,0.005839540294024755,0.0008313577638501303,2.653854748324048e-05,0.993302563394642
Test_272,9.500549582618966e-06,0.0017503761363628495,0.9982339254889228,6.197825131914516e-06
Test_273,0.9999964292719481,1.8650523351022728e-06,9.581324932610192e-08,1.609862467400675e-06
Test_274,9.345329626382065e-05,5.9818667186534524e-05,0.9998336678237141,1.3060212835391572e-05
Test_275,0.14417899083574187,0.18152482904551365,0.48564639452089725,0.18864978559784723
Test_276,7.262538820218317e-06,0.0005919093674783163,1.6998965255898267e-07,0.9994006581040491
Test_277,0.00013853514421590453,0.9555412926840772,0.0004180812119690694,0.043902090959737766
Test_278,1.5664314355149466e-05,5.9518926038135126e-05,1.214400351088357e-08,0.9999248046156032
Test_279,1.9153480631190724e-07,4.77562251814873e-06,0.9999949782391637,5.4603511640745124e-08
Test_280,3.6224063118359366e-07,9.179259917948345e-06,2.595674494876749e-09,0.9999904559037764
Test_281,2.4905682534667577e-07,5.079980575843774e-06,3.620535945089166e-10,0.9999946706005454
Test_282,8.490948239286636e-07,0.9994436374861554,6.2357266590525776e-06,0.0005492776923616185
Test_283,0.0001440215478597525,0.0051910218317345195,0.9942575944304501,0.00040736218995565774
Test_284,0.0007685358928731681,0.0012920139748338684,0.9955570803236441,0.0023823698086489382
Test_285,1.7336791087810387e-07,2.854057747822965e-06,4.6347282876619937e-10,0.9999969721108685
Test_286,1.6737417215276685e-07,1.7778372187768286e-06,1.3123842459244004e-10,0.9999980546573708
Test_287,0.011832761024911775,0.004431884111712532,0.009592476825116103,0.9741428780382594
Test_288,0.00019788631648429673,0.4307120872412183,0.0026502299180458377,0.5664397965242516
Test_289,3.750122881230941e-08,1.210358728029139e-06,6.300561552112757e-12,0.9999987521337427
Test_290,4.600259562332972e-06,0.0013531789070408587,0.9986416973820127,5.234513842452676e-07
Test_291,4.0899983960370446e-05,0.0004942481977234547,0.9994555328435035,9.31897481278456e-06
Test_292,0.9999915278956654,5.643777869975875e-07,1.1785203537837124e-07,7.789874512600694e-06
Test_293,2.4189856385784645e-06,0.0003646481971722308,0.9996326438722575,2.8894493164418945e-07
Test_294,0.008587129561349468,0.0021526877620778725,0.9826782631585362,0.006581919518036448
Test_295,0.0043857390894595045,0.0005579427620346822,0.9923954275969071,0.002660890551598606
Test_296,0.002637185133228722,0.0014467479180609467,1.63178188343363e-05,0.9958997491298761
Test_297,8.609434050081183e-06,2.5570413775751293e-05,4.201736162819412e-09,0.9999658159504381
Test_298,0.002051371673312336,0.5256575267098393,0.4411839277271908,0.031107173889657617
Test_299,0.0022987118371957074,0.8546759036520588,0.07846036293811785,0.06456502157262756
Test_300,0.2753916335182181,0.007400831640377191,0.00018933984325917647,0.7170181949981456
Test_301,0.9999992140273877,8.926452468537879e-08,4.733324399016967e-08,6.493748437153778e-07
Test_302,3.458635339662106e-07,4.989400966820253e-06,9.502179019593125e-10,0.9999946637852812
Test_303,0.9421832894279734,0.05362541114061551,0.0014895869879382752,0.0027017124434727813
Test_304,0.5178328653584588,0.47069501606472075,0.009128758168313999,0.002343360408506338
Test_305,0.9997533165745132,9.528201959121096e-06,2.4803012887226053e-06,0.00023467492223900373
Test_306,4.41265990429151e-06,3.13589164603711e-05,1.614550212018924e-08,0.9999642122781333
Test_307,0.9999977350274334,4.940064389081964e-07,8.449460709274291e-08,1.6864715206535462e-06
Test_308,0.0004906824054938232,0.0006283321158796913,8.144127428032383e-06,0.9988728413511984
Test_309,0.0006996206567331425,0.017695681541600006,0.9805371113250492,0.0010675864766176294
Test_310,8.687712280300583e-05,0.14596868829260395,0.8537999506071527,0.00014448397744040408
Test_311,2.3090143415033024e-05,0.9803586652458172,0.01937735205517773,0.00024089255559009198
Test_312,3.79642446141426e-06,8.280828716822632e-06,2.376048148278445e-08,0.9999878989863404
Test_313,4.924157496186365e-07,3.0241120635149492e-06,4.0078934090865984e-10,0.9999964830713979
Test_314,1.6723553040826434e-05,5.1243887122373916e-05,8.586850328878372e-08,0.9999319466913332
Test_315,0.0017096689336503984,0.0005326459250592001,7.028065798891501e-07,0.9977569823347104
Test_316,3.935442356243045e-05,1.740651953622329e-05,0.9999402114330047,3.0276238965862577e-06
Test_317,2.173429469551387e-05,1.908718953643705e-06,0.9999754463916888,9.105946622597395e-07
Test_318,0.00010794881105758874,0.08519965845700223,0.00013382565948775562,0.9145585670724524
Test_319,2.8253662390651776e-06,4.762060940922065e-05,0.9999485649219628,9.891023888086973e-07
Test_320,2.141545304891843e-05,1.9607921286083843e-05,0.9999575264144864,1.450211178456955e-06
Test_321,0.4582125232990331,0.5390165264142196,0.0006247413357102082,0.0021462089510371975
Test_322,0.9999889886519979,5.689516197394109e-06,2.3551994789428238e-07,5.086311856778518e-06
Test_323,0.004536356711271252,0.014560042869894737,0.9789328956588923,0.0019707047599417213
Test_324,1.0817028150834293e-06,6.760120138893459e-07,0.9999979679916623,2.742935086253926e-07
Test_325,1.8965893386753626e-05,2.185967473901759e-05,3.7785097401368784e-08,0.9999591366467767
Test_326,0.00018892080016461127,7.01850542388868e-05,0.999714016669961,2.687747563550927e-05
Test_327,2.1809878340491252e-05,3.810191753303581e-05,4.5513044642282247e-08,0.9999400426910817
Test_328,4.340993465930772e-05,3.944233224030899e-05,0.9998792691305036,3.7878602596600323e-05
Test_329,3.246969599391653e-05,2.5476594096972004e-05,0.9999285591976621,1.3494512247074244e-05
Test_330,0.0001239372402310382,0.021907837421238884,0.9778943056859919,7.391965253819693e-05
Test_331,0.7086236630809031,0.14335126120898437,0.0018505724730420122,0.14617450323707065
Test_332,0.9998379209067454,0.00010256696665937198,4.07569831295185e-06,5.543642828205012e-05
Test_333,0.0008700718023451218,0.020998430915262586,0.9777525904790745,0.00037890680331799305
Test_334,1.3240600171704548e-07,4.566723785815538e-06,0.9999952781935478,2.26766645458864e-08
Test_335,0.999993598597618,3.1810037669094906e-06,1.1204108850553522e-07,3.108357526592592e-06
Test_336,0.015455521807144813,0.003970585288198819,0.9803199477245517,0.0002539451801047923
Test_337,0.9374510130614413,0.029189381678258897,4.865968650530781e-05,0.03331094557379477
Test_338,0.9999899747229413,1.5441171011933309e-06,2.7746517706816877e-07,8.20369478015223e-06
Test_339,0.0032418940677068912,0.018807463124506495,0.9778898097456838,6.083306210278657e-05
Test_340,0.16345955083265398,0.009002849712952777,0.8271937117996092,0.00034388765478408673
Test_341,0.9999590740815778,3.359016329053347e-05,1.6835013233135653e-07,7.167404999147758e-06
Test_342,0.9999992496647595,2.6548973614127575e-07,2.8994806911341588e-08,4.5585069765822066e-07
Test_343,0.0024455227131723834,0.002617652384013655,6.732566824852063e-05,0.9948694992345656
Test_344,5.796627096882381e-07,0.00010203234459203824,0.9998972583261889,1.2966650934506064e-07
Test_345,0.011258801102715712,0.28318505258325194,0.08179419581391932,0.6237619505001131
Test_346,4.837843634264557e-05,0.00010149456690710022,0.9998414538147133,8.67318203701195e-06
Test_347,0.14561400657237072,0.000167003099423092,0.8536329782001331,0.0005860121280730089
Test_348,2.3543624243426135e-07,1.6871932923327708e-06,1.034799904922712e-10,0.9999980772669851
Test_349,0.003461740922240358,0.27482667941139216,0.5274426781766173,0.19426890148975012
Test_350,0.00015115068232974502,0.0022786077258283586,2.410148900600874e-06,0.9975678314429414
Test_351,2.3368998237259727e-08,1.8448138272226762e-07,0.9999997888792754,3.2703435970190003e-09
Test_352,0.01700835525509356,0.05417359003598041,0.0007702262281884199,0.9280478284807376
Test_353,0.004291823173110887,0.5143590575849866,0.01415261838835053,0.46719650085355197
Test_354,1.0341259814491768e-06,7.020015076354713e-07,0.9999981890022889,7.487022183761275e-08
Test_355,9.839757129407979e-05,0.013391687654012167,1.7650641320802215e-05,0.9864922641333729
Test_356,0.9999992844663989,1.1267705884484905e-07,2.0977639332518035e-08,5.818789030648049e-07
Test_357,0.9999980037637346,6.259757689213495e-07,4.587881050523677e-07,9.114723915353318e-07
Test_358,6.798654860231468e-05,0.9992611534712064,0.00040784048197052694,0.0002630194982207481
Test_359,1.4851065599924174e-06,4.082465529612182e-06,2.455608078277523e-09,0.9999944299723025
Test_360,2.079981039340478e-06,3.4680947282579736e-05,5.281486430755872e-09,0.9999632337901916
Test_361,0.9999972831942564,3.410881285677769e-07,9.596006405696814e-08,2.2797575511830985e-06
Test_362,0.9999838554725288,2.635305035938829e-06,1.5955490108321117e-06,1.1913673424545065e-05
Test_363,7.083763168959069e-05,0.0007826335701866157,0.9991025724036612,4.395639446269169e-05
Test_364,0.00029372146524825934,0.9409128514206306,0.056852729659469095,0.0019406974546518243
Test_365,4.485990696815308e-06,1.410865010952424e-06,0.9999931402836859,9.628606063208874e-07
Test_366,0.0805069295210628,0.08978264341384465,0.8273957706240378,0.0023146564410548237
Test_367,3.565572791972549e-08,3.031487968803837e-06,3.633524584103261e-11,0.999996932819968
Test_368,0.9999937991228551,1.1357770225247709e-06,7.512191312171865e-08,4.989978209257294e-06
Test_369,2.416774718884951e-08,2.585462914525965e-06,8.189317705336165e-11,0.999997390287445
Test_370,5.6920527470164e-07,2.1456004073682494e-06,0.9999972301667542,5.502756379296509e-08
Test_371,5.112155242884141e-07,3.518521136770441e-06,0.9999959173917294,5.287160950096323e-08
Test_372,4.097299823109768e-07,3.580203828496013e-06,2.0928908396351205e-09,0.9999960079732984
Test_373,4.238014750837643e-06,5.094982509215089e-05,0.9999437530675729,1.0590925839554835e-06
Test_374,0.0027342472885725413,0.017959629682367223,0.9765133495278167,0.002792773501243535
Test_375,2.7214996153366193e-05,0.00010786590126022355,3.542131252097643e-07,0.9998645648894611
Test_376,0.9521985166869567,0.013615263711127638,0.03388423762261277,0.00030198197930298446
Test_377,0.999992771424353,3.5076613850096963e-06,2.249360361741057e-07,3.4959782259362947e-06
Test_378,2.3557648150240048e-07,6.740969731920965e-06,0.9999930046960468,1.875773967261475e-08
Test_379,0.0008758373495930136,0.40677438625967216,0.5863762123512442,0.005973564039490855
Test_380,1.6047969474091456e-06,7.017329765200209e-05,7.038040561269311e-09,0.9999282148673598
Test_381,0.37773334391006924,0.050208423593627455,0.0004387543841142353,0.5716194781121889
Test_382,0.00013823747785512785,0.0006217523010807943,3.209626178678244e-07,0.9992396892584462
Test_383,0.9999816563449939,1.8972963349129163e-06,3.3727839724684067e-07,1.6109080274049748e-05
Test_384,6.173139695920321e-08,4.841200479664666e-07,0.99999944856675,5.581805102746406e-09
Test_385,7.011065257472667e-05,0.0002981987895738376,3.0899464555744157e-07,0.9996313815632059
Test_386,0.00016935038663884182,0.7863623132693384,0.209616149729902,0.003852186614120628
Test_387,1.889247668203012e-06,1.0936119614839201e-05,4.35107178090297e-09,0.9999871702816454
Test_388,0.9022698836205363,0.0016054304266820577,1.754612145169584e-05,0.09610713983132983
Test_389,0.9999839176251775,1.4567488001931637e-06,1.582289649403976e-07,1.4467397057493207e-05
Test_390,0.998715679143664,1.2702653583209351e-05,1.27203460914113e-06,0.0012703461681437868
Test_391,0.000668578686573409,0.311369760035457,0.686392491054207,0.0015691702237623675
Test_392,4.695324558391126e-05,0.000241168963188557,0.9997095908691387,2.2869220886097876e-06
Test_393,1.1802137112188102e-06,6.153136443230889e-05,1.705869490172139e-08,0.9999372713631614
Test_394,1.0387590598432841e-05,6.8710137462783685e-06,1.0398405086257617e-08,0.9999827309972503
Test_395,5.746066287012485e-05,0.8723694649256616,0.12752009151338367,5.298289808472293e-05
Test_396,1.2397080860656648e-05,4.889554116686474e-05,2.516479744275067e-08,0.9999386822131753
Test_397,0.030611963923943927,0.0009429052265910193,3.0036967880116096e-05,0.968415093881585
Test_398,4.3024976457938533e-07,7.158943208877788e-06,0.999992336462433,7.434459338374034e-08
Test_399,0.0006132855296046738,0.00030037526339305923,4.6116626606160995e-06,0.9990817275443418
Test_400,7.794658088784388e-05,0.0016998615229513651,0.9982198354871721,2.356408988830413e-06
Test_401,0.00033200353117674597,0.0007044960489759588,0.9982968832934286,0.0006666171264188426
Test_402,8.597287641892944e-07,3.7147676383996667e-06,3.8596945224988804e-10,0.9999954251176282
Test_403,0.0015638407530603454,0.78065334265621,0.2174387443331105,0.00034407225761917275
Test_404,4.958693367078843e-05,7.042139781542151e-05,1.0565585704844328e-07,0.9998798860126566
Test_405,0.000437304650320467,0.0005332770681086975,3.7571673023899763e-07,0.9990290425648405
Test_406,2.45711020142662e-08,9.902941240978026e-07,2.696942584027104e-11,0.9999989851078046
Test_407,1.123878272512328e-05,8.315476336950394e-05,2.092694118385751e-08,0.9999055855269643
Test_408,3.990847348338042e-05,0.012080510392260217,5.9331381216784926e-06,0.9878736479961346
Test_409,0.006105960386710983,0.0027473318185889644,0.9829023040124507,0.008244403782249235
Test_410,1.0924454304830362e-05,1.582742192115069e-05,3.286871190978473e-09,0.999973244836903
Test_411,0.9999992784615572,1.0398603752391787e-07,2.661440413505461e-08,5.909380010929682e-07
Test_412,0.00039565490877604937,0.7837200834156541,0.2128553902046148,0.003028871470955
Test_413,0.999996812903187,4.5901312686787535e-07,1.033310343499294e-06,1.6947733425518444e-06
Test_414,1.300802488837772e-09,9.119586835362669e-07,0.9999990862836959,4.5681792767776815e-10
Test_415,0.00014458863355202423,0.000272513963671341,0.999570148951447,1.2748451329355166e-05
Test_416,0.004947421310891459,0.001140440009390177,0.00011880578804845509,0.9937933328916699
Test_417,5.917698074870516e-07,2.0467797747686855e-06,0.9999973295799464,3.187047147881995e-08
Test_418,0.9999380367735144,1.361659099296909e-05,3.024988504307169e-07,4.8044136642116014e-05
Test_419,0.9999971043422715,1.3582160464239016e-06,9.836082627172938e-08,1.4390808556653923e-06
Test_420,1.0625846938222146e-05,0.0027605364862873425,0.9972245758936654,4.261773108793017e-06
Test_421,1.8222220016264749e-06,6.643676081771113e-06,4.4547688723798016e-09,0.999991529647148
Test_422,3.289562210109701e-05,0.0005362430353591915,1.3713744783551592e-07,0.9994307242050919
Test_423,0.00041791712642527207,0.4315007605956629,0.5658314366402322,0.0022498856376796704
Test_424,2.9233154909988153e-05,0.03714884868368508,0.9628124492283285,9.468933076406938e-06
Test_425,0.09464772395530083,0.0035914448572591864,0.00019108928306764232,0.9015697419043724
Test_426,8.507138773406522e-07,6.53132555134503e-07,0.99999836783625,1.283173173638332e-07
